52.0, 88.0, 99.0, 122.0, 117.0, 137.0, 144.0, 160.0, 
70.0, 89.0, 110.0, 123.0, 124.0, 136.0, 151.0, 160.0, 
50.0, 86.0, 98.0, 121.0, 117.0, 136.0, 145.0, 160.0, 
54.0, 82.0, 102.0, 119.0, 120.0, 135.0, 148.0, 160.0, 
78.0, 105.0, 103.0, 125.0, 127.0, 146.0, 144.0, 160.0, 
136.0, 128.0, 136.0, 129.0, 166.0, 160.0, 167.0, 160.0, 
90.0, 111.0, 105.0, 123.0, 136.0, 151.0, 147.0, 160.0, 
160.0, 128.0, 139.0, 99.0, 158.0, 125.0, 137.0, 96.0, 
160.0, 122.0, 137.0, 89.0, 154.0, 114.0, 129.0, 77.0, 
160.0, 138.0, 135.0, 106.0, 141.0, 115.0, 111.0, 74.0, 
160.0, 138.0, 137.0, 109.0, 150.0, 125.0, 125.0, 94.0, 
160.0, 131.0, 130.0, 91.0, 169.0, 141.0, 140.0, 105.0, 
160.0, 131.0, 136.0, 100.0, 155.0, 124.0, 130.0, 91.0, 
160.0, 127.0, 136.0, 94.0, 151.0, 115.0, 124.0, 77.0, 
160.0, 127.0, 137.0, 96.0, 171.0, 141.0, 149.0, 113.0, 
160.0, 137.0, 137.0, 109.0, 160.0, 137.0, 136.0, 108.0, 
160.0, 149.0, 154.0, 142.0, 153.0, 140.0, 146.0, 133.0, 
160.0, 132.0, 143.0, 110.0, 154.0, 125.0, 136.0, 101.0, 
160.0, 132.0, 141.0, 108.0, 166.0, 139.0, 148.0, 116.0, 
160.0, 133.0, 143.0, 111.0, 140.0, 107.0, 119.0, 77.0, 
160.0, 129.0, 153.0, 120.0, 150.0, 116.0, 141.0, 105.0, 
160.0, 135.0, 154.0, 127.0, 160.0, 134.0, 153.0, 126.0, 
127.0, 121.0, 125.0, 119.0, 166.0, 162.0, 165.0, 160.0, 
160.0, 121.0, 136.0, 86.0, 147.0, 103.0, 120.0, 58.0, 
160.0, 125.0, 132.0, 84.0, 141.0, 99.0, 108.0, 37.0, 
160.0, 124.0, 130.0, 80.0, 145.0, 102.0, 109.0, 38.0, 
160.0, 117.0, 131.0, 71.0, 154.0, 108.0, 123.0, 55.0, 
160.0, 120.0, 134.0, 80.0, 148.0, 102.0, 118.0, 50.0, 
160.0, 125.0, 131.0, 84.0, 142.0, 100.0, 107.0, 37.0, 
160.0, 123.0, 129.0, 77.0, 147.0, 105.0, 112.0, 43.0, 
160.0, 138.0, 126.0, 96.0, 136.0, 109.0, 92.0, 43.0, 
160.0, 140.0, 120.0, 91.0, 139.0, 114.0, 89.0, 41.0, 
160.0, 161.0, 119.0, 119.0, 124.0, 125.0, 61.0, 62.0, 
160.0, 137.0, 130.0, 100.0, 127.0, 96.0, 86.0, 18.0, 
160.0, 141.0, 126.0, 100.0, 128.0, 102.0, 80.0, 23.0, 
160.0, 132.0, 131.0, 94.0, 136.0, 101.0, 100.0, 41.0, 
160.0, 131.0, 132.0, 93.0, 138.0, 101.0, 103.0, 43.0, 
160.0, 131.0, 130.0, 92.0, 134.0, 97.0, 95.0, 21.0, 
160.0, 135.0, 134.0, 101.0, 142.0, 111.0, 111.0, 67.0, 
160.0, 183.0, 135.0, 161.0, 135.0, 161.0, 103.0, 135.0, 
160.0, 153.0, 121.0, 111.0, 129.0, 119.0, 74.0, 55.0, 
160.0, 139.0, 124.0, 95.0, 134.0, 107.0, 87.0, 33.0, 
160.0, 132.0, 122.0, 82.0, 141.0, 108.0, 96.0, 29.0, 
160.0, 144.0, 121.0, 98.0, 132.0, 112.0, 80.0, 37.0, 
160.0, 135.0, 123.0, 87.0, 139.0, 108.0, 93.0, 32.0, 
160.0, 135.0, 123.0, 87.0, 138.0, 106.0, 91.0, 26.0, 
160.0, 150.0, 125.0, 111.0, 125.0, 112.0, 74.0, 47.0, 
160.0, 163.0, 118.0, 121.0, 130.0, 133.0, 70.0, 75.0, 
160.0, 150.0, 125.0, 111.0, 122.0, 108.0, 70.0, 39.0, 
160.0, 178.0, 113.0, 136.0, 123.0, 145.0, 45.0, 89.0, 
160.0, 141.0, 123.0, 96.0, 133.0, 108.0, 84.0, 32.0, 
160.0, 153.0, 127.0, 117.0, 124.0, 114.0, 77.0, 58.0, 
161.0, 129.0, 132.0, 92.0, 135.0, 97.0, 100.0, 30.0, 
161.0, 128.0, 135.0, 94.0, 140.0, 101.0, 109.0, 50.0, 
160.0, 130.0, 132.0, 92.0, 137.0, 100.0, 102.0, 40.0, 
160.0, 132.0, 133.0, 96.0, 134.0, 98.0, 99.0, 38.0, 
160.0, 128.0, 130.0, 87.0, 140.0, 102.0, 104.0, 38.0, 
160.0, 133.0, 130.0, 94.0, 132.0, 97.0, 92.0, 23.0, 
160.0, 126.0, 129.0, 81.0, 142.0, 101.0, 105.0, 32.0, 
160.0, 130.0, 128.0, 88.0, 139.0, 103.0, 100.0, 36.0, 
160.0, 128.0, 125.0, 79.0, 156.0, 123.0, 120.0, 71.0, 
160.0, 128.0, 131.0, 88.0, 136.0, 96.0, 100.0, 24.0, 
160.0, 122.0, 127.0, 73.0, 153.0, 112.0, 117.0, 54.0, 
160.0, 126.0, 123.0, 72.0, 151.0, 113.0, 110.0, 46.0, 
160.0, 130.0, 126.0, 83.0, 143.0, 108.0, 103.0, 40.0, 
160.0, 124.0, 127.0, 76.0, 144.0, 102.0, 106.0, 27.0, 
160.0, 124.0, 125.0, 72.0, 147.0, 106.0, 107.0, 32.0, 
160.0, 124.0, 129.0, 78.0, 144.0, 101.0, 108.0, 32.0, 
160.0, 123.0, 125.0, 70.0, 151.0, 109.0, 112.0, 43.0, 
160.0, 120.0, 127.0, 69.0, 152.0, 108.0, 117.0, 46.0, 
160.0, 128.0, 131.0, 88.0, 136.0, 94.0, 99.0, 16.0, 
160.0, 125.0, 129.0, 80.0, 142.0, 100.0, 105.0, 29.0, 
160.0, 132.0, 128.0, 89.0, 138.0, 103.0, 97.0, 33.0, 
160.0, 130.0, 128.0, 87.0, 136.0, 99.0, 96.0, 18.0, 
160.0, 126.0, 129.0, 82.0, 145.0, 106.0, 109.0, 45.0, 
160.0, 151.0, 130.0, 118.0, 121.0, 108.0, 76.0, 52.0, 
160.0, 167.0, 132.0, 140.0, 112.0, 122.0, 65.0, 80.0, 
160.0, 140.0, 127.0, 100.0, 128.0, 101.0, 83.0, 27.0, 
160.0, 147.0, 125.0, 108.0, 128.0, 111.0, 80.0, 47.0, 
160.0, 169.0, 136.0, 146.0, 113.0, 124.0, 73.0, 90.0, 
160.0, 133.0, 133.0, 98.0, 133.0, 98.0, 98.0, 38.0, 
161.0, 159.0, 137.0, 136.0, 110.0, 108.0, 72.0, 68.0, 
160.0, 137.0, 138.0, 110.0, 144.0, 117.0, 119.0, 84.0, 
160.0, 151.0, 123.0, 110.0, 139.0, 128.0, 94.0, 76.0, 
160.0, 167.0, 116.0, 124.0, 129.0, 136.0, 65.0, 79.0, 
160.0, 144.0, 123.0, 101.0, 134.0, 113.0, 85.0, 47.0, 
160.0, 134.0, 133.0, 99.0, 137.0, 106.0, 103.0, 55.0, 
160.0, 140.0, 129.0, 103.0, 132.0, 106.0, 90.0, 46.0, 
160.0, 133.0, 129.0, 92.0, 133.0, 98.0, 92.0, 21.0, 
160.0, 146.0, 133.0, 115.0, 139.0, 122.0, 106.0, 82.0, 
160.0, 148.0, 128.0, 111.0, 123.0, 106.0, 75.0, 42.0, 
160.0, 127.0, 126.0, 78.0, 150.0, 113.0, 112.0, 53.0, 
160.0, 126.0, 127.0, 79.0, 148.0, 109.0, 111.0, 48.0, 
160.0, 124.0, 132.0, 83.0, 145.0, 102.0, 112.0, 45.0, 
160.0, 126.0, 129.0, 83.0, 141.0, 101.0, 105.0, 33.0, 
160.0, 126.0, 127.0, 78.0, 142.0, 102.0, 102.0, 23.0, 
160.0, 126.0, 120.0, 67.0, 162.0, 128.0, 122.0, 71.0, 
160.0, 127.0, 130.0, 86.0, 137.0, 97.0, 100.0, 20.0, 
160.0, 122.0, 127.0, 73.0, 155.0, 114.0, 120.0, 58.0, 
160.0, 119.0, 132.0, 75.0, 158.0, 115.0, 129.0, 69.0, 
