2616
1986
1304
3499
4587
7179
1304
2421
3036
7306
7188
4154
9008
6134
7926
4075
7030
6333
6986
11251
12606
19639
10905
7352
1725
5140
8572
6465
6622
6186
3089
2899
2246
136
500
4275
4929
4194
6505
8596
5877
1304
3065
11223
2036
1207
1031
1143
1543
535
1140
756
937
6122
6536
359
4650
2668
2760
2784
11113
5573
8701
5009
5372
2318
515
6907
3566
4815
2264
1234
3397
1078
3972
5669
7209
14394
15868
22273
4227
4449
2576
3626
2060
6801
3203
53807
2765
7763
3533
3675
5368
2774
2204
250
1822
1216
5105
1425
2616
