2879
2337
1352
2731
2199
5688
1280
2048
2457
6008
6806
3507
7352
3809
6796
2928
4754
4657
5992
10416
7633
15042
2833
10950
1693
3317
4438
5139
7763
4318
3479
2288
1885
156
626
6976
4599
3073
5278
3615
6368
4431
2429
8635
2981
1763
843
1274
877
561
1614
956
2702
3502
8718
806
6360
964
1974
3032
9482
4025
5975
2994
3619
1086
578
7002
2524
2363
2487
1268
2803
806
3493
2734
4052
5341
13218
12774
3040
1169
2190
2079
1225
4092
2446
55283
2845
6247
2060
1634
5043
7048
1442
120
3691
1392
4869
696
2879
2879
