4057
3493
2021
4103
3768
8053
2051
2922
3398
8715
10187
5155
10068
6555
10964
5348
7448
7153
9070
13968
11340
21031
5722
15360
2512
5522
7604
7637
14528
6844
5237
3237
3076
276
1015
9274
6087
4399
7791
5719
8944
5020
3085
12433
3645
2557
1260
1880
1444
869
2427
1701
4658
5759
10628
1175
8819
1663
2939
4834
13341
5498
10222
4970
5427
1930
1037
11048
3823
3537
3843
2030
3873
1307
5442
4233
6544
8687
19336
20222
4594
1870
3148
3237
1947
6890
3727
78010
3940
9498
3086
2880
8049
8356
2000
265
5389
2234
6618
1253
4057
