2433
3238
3161
6807
5860
776
2125
1016
20753
722
3289
2223
516
1769
933
524
4658
10187
2078
4295
3713
4054
4813
8123
13711
1123
1330
2156
1190
18641
10328
3980
1114
5430
6345
6490
1651
4794
614
2615
7630
1585
9917
3211
15246
6653
4198
2851
1760
4770
5355
208
3596
6173
6146
4385
5467
1213
447
2677
5422
404
2701
4855
820
599
1925
13547
6149
3010
5453
4500
11087
491
2496
1264
2105
143
3692
8064
759
1645
3140
3859
1261
118
1677
2293
1095
226
5891
6175
2340
260
5129
3329
227
4949
4389
1617
2433
2433
2433
2433
